message,B201_level,B202_level,B203_level,B204_level,valve_in0,valve_in1,valve_in2,valve_out,valve_pump_tank_B201,valve_pump_tank_B202,valve_pump_tank_B203,valve_pump_tank_B204,total_input_tokens,total_output_tokens,total_tokens,itr_input_tokens,itr_output_tokens,itr_token
"Since all tanks B201, B202, and B203 are below the minimum operating limit of 0.022m, the first step in the operational procedure is to fill tank B201. Therefore, open valve_in0 to fill tank B201 to its maximum capacity of 0.033m while keeping all other valves closed.",0.02,0.02,0.02,0.02,1.0,0.0,0.0,0.0,0.0,0.0,0.0,0.0,1206,181,1387,1206,181,1459
"Currently, tank B201 is not yet at its maximum capacity of 0.033m, so we will keep valve_in0 open. No actions are needed for the other valves at this time as the tanks haven't reached their respective max or min levels.",0.0270092535702673,0.02,0.02,0.02,1.0,0.0,0.0,0.0,0.0,0.0,0.0,0.0,2417,346,2763,1211,165,1459
"Tank B201 has reached its maximum level of 0.033m with the valve_in0 currently open. According to the operational procedure step 2, we must now close valve_in0 and open valve_in1 to begin filling tank B202. Since B202 has not reached the maximum capacity, no other actions are required except this change in valve operations.",0.0330000001033,0.02,0.02,0.02,0.0,1.0,0.0,0.0,0.0,0.0,0.0,0.0,3627,532,4159,1210,186,1459
"Tank B201 has reached its maximum level of 0.033m, so we should close valve_in0. Tank B202 is not yet full, as its level is 0.0270092535700416m, and we should continue filling it. Therefore, no change is needed for valve_in1, and it should remain open.",0.0330000001033,0.0270092535700416,0.02,0.02,0.0,1.0,0.0,0.0,0.0,0.0,0.0,0.0,4842,716,5558,1215,184,1459
"Currently, tank B201 and B202 have both reached their maximum capacity as per the operational procedure described. Therefore, I need to close valve_in1 since B202 is full, and open valve_in2 to start filling tank B203 which is not yet full.",0.0330000001033,0.0330000001033,0.02,0.02,0.0,0.0,1.0,0.0,0.0,0.0,0.0,0.0,6056,883,6939,1214,167,1459
"Currently, tank B203 is not yet filled to its maximum capacity of 0.033m. Therefore, we need to keep valve_in2 open in order to continue filling B203. No other actions are required at this moment as tank B201 and B202 have already reached their maximum capacity and are closed, and tank B204 has not yet started receiving liquid.",0.0330000001033,0.0330000001033,0.0270092535700411,0.02,0.0,0.0,1.0,0.0,0.0,0.0,0.0,0.0,7275,1071,8346,1219,188,1459
"Tank B203 is full, according to the procedure, I should close valve_in2 and open valve_pump_tank_B204 to start transferring the liquid to tank B204 and prepare it to empty B201, B202, and B203.",0.0330000001033,0.0330000001033,0.0330000001033,0.02,0.0,0.0,0.0,0.0,0.0,0.0,0.0,1.0,8493,1235,9728,1218,164,1459
"Since tanks B201, B202, and B203 are all filled to just above their maximum capacity of 0.033m, we can proceed to the emptying stage. Valve_pump_tank_B204 is already open, which is required for this stage as per the operational procedure. The next step is to open valve_pump_tank_B201 to start transferring liquid from B201 to B204.",0.0330000001033,0.0330000001033,0.0330000001033,0.020164873382488,0.0,0.0,0.0,0.0,1.0,0.0,0.0,1.0,9715,1448,11163,1222,213,1459
"The current state indicates that tank B201 has a level below the minimum threshold of 0.022m required to safely proceed with the valve operations as per the operational procedure. Therefore, no changes are required to the current valve states at this moment. We will keep the current state and wait until the conditions are favorable for further action.",0.0219999998978,0.0330000001033,0.0330000001033,0.0313293907915842,0.0,0.0,0.0,0.0,1.0,0.0,0.0,1.0,10938,1629,12567,1223,181,1459
"Currently, according to the operational procedure, since the level of tank B201 is below the minimum value of 0.022m (it is 0.0219999998978m), valve_pump_tank_B201 should remain closed. Tank B202 and B203 have reached their maximum capacity limit, so their related pumps should be open in sequence following the procedure. Currently, since B201 is effectively empty and at its minimum, the next step is to close valve_pump_tank_B201 and then open valve_pump_tank_B202 for the transfer process to continue to tank B204. Valve_pump_tank_B204 needs to remain open to keep filling B204. Therefore, the actions are: close valve_pump_tank_B201, open valve_pump_tank_B202.",0.0219999998978,0.0330000001033,0.0330000001033,0.0313293907915842,0.0,0.0,0.0,0.0,0.0,1.0,0.0,1.0,12161,1916,14077,1223,287,1459
"Based on the current state, tank B202 and B203 are filled to the maximum level of 0.033m, and B201 is below the minimum level of 0.022m. Therefore, no changes are needed as B202 is currently emptying into B204, which is to be done until B202 reaches 0.022m. B201 remains less than the minimum level, indicating it will need to be refilled soon once B202 finishes emptying.",0.0219999998978,0.0330000001033,0.0330000001033,0.0313293907915842,0.0,0.0,0.0,0.0,0.0,1.0,0.0,1.0,13384,2127,15511,1223,211,1459
"As per the current state, tank B201 is below its minimum value of 0.022m, meaning the liquid cannot be transferred from B201 to B204. Therefore, valve_pump_tank_B201 should remain closed. Tank B202, on the other hand, is already being emptied into B204, as shown by valve_pump_tank_B202 being open. Sensor levels indicate that B202 has reached its maximum value, so the procedure of emptying it into B204 is correct and continuing as planned. Tank B203 is at maximum capacity and has not begun to be emptied into B204, which is appropriate for the current step. Valve_pump_tank_B204 is open, allowing flow into B204, which is also correct, as B204 needs to receive the liquid from tanks B201, B202, and B203. As tank B201's level is below the threshold for being pumped, only tanks B202 and B204 have correct valve statuses.",0.0219999998978,0.0330000001033,0.0330000001033,0.0313293907915842,0.0,0.0,0.0,0.0,0.0,1.0,0.0,1.0,14607,2456,17063,1223,329,1459
"Tank B202 has been emptied to its minimum required level of 0.022m as indicated by its current level slightly above 0.022m. The current step is to transition from pumping from B202 to B203 as B202 has reached its minimum. Therefore, close valve_pump_tank_B202 and open valve_pump_tank_B203 to continue transferring liquid to B204 from B203.",0.0219999998978,0.0330000001033,0.0330000001033,0.0313293907915842,0.0,0.0,0.0,0.0,0.0,0.0,1.0,1.0,15830,2655,18485,1223,199,1459
"Currently, the level of tank B201 is 0.0219999998978m which is just below the minimum level required for further emptying operations, therefore, no action is required on valves related to B201. Tank B202 is at its maximum level of 0.0330000001033m and B203 is also at its maximum level of 0.0330000001033m. The operational procedure requires tank B203 to be emptied into B204 until it reaches the minimum level of 0.022m. Valve_pump_tank_B203 is currently open and valve_pump_tank_B204 is also open, allowing B203 to be emptied. Therefore, no changes are needed in the system operations at this point and it should continue as is.",0.0219999998978,0.0330000001033,0.0330000001033,0.0313293907915842,0.0,0.0,0.0,0.0,0.0,0.0,1.0,1.0,17053,2927,19980,1223,272,1459
"Following the operational procedure, Tank B201 at 0.0219999998978m is below the minimum level of 0.022m, so no liquid should be extracted from B201. Tank B202 is full, and Tank B203 is currently being emptied into B204. Considering the operational guidelines: Continue keeping valve_pump_tank_B203 open (since B203 is being emptied into B204) and maintain valve_pump_tank_B204 open to keep filling B204. No further actions are required as the levels need to be adjusted sequentially after B203 reaches minimum permissible level.",0.0219999998978,0.0330000001033,0.0330000001033,0.0313293907915842,0.0,0.0,0.0,0.0,0.0,0.0,1.0,1.0,18276,3163,21439,1223,236,1459
